10
17
-202 94 858 869 -907 -738 821 683 -188 -202 107 629 550 340 -969 690 755 
55
807 -627 -710 932 814 230 243 616 140 780 -238 52 -799 -326 -868 -709 157 -910 124 -798 443 -847 736 459 496 -284 -943 -39 -14 -617 -532 725 -773 -95 593 -650 621 614 515 -801 -327 -545 86 912 198 511 -835 -588 -330 785 316 427 -690 -226 627 
99
-562 -223 -152 -796 -679 90 859 -59 93 -370 8 788 -406 -670 -343 35 -52 669 -291 -230 860 -926 -607 -523 671 -298 -167 -913 -748 -706 575 0 712 -296 754 223 374 767 375 -878 226 365 -482 -827 782 904 769 300 -846 452 -231 894 350 -970 124 -815 459 -57 -969 619 361 796 108 834 -729 267 -465 -208 -901 -101 380 -890 453 725 -133 -329 462 989 699 -45 736 20 -398 -875 675 65 365 -634 353 -182 -891 280 585 557 -891 -293 766 -280 465 
36
-271 840 659 -726 -146 -720 -308 871 -914 -16 -347 -110 -447 -286 180 -747 690 479 -560 -362 -103 210 -80 -328 807 -15 655 554 702 -79 -62 718 234 68 -566 419 
29
-827 487 89 61 -497 -176 170 2 -910 987 -456 -890 295 -238 -422 800 19 107 -569 765 -333 -583 154 -940 240 -626 -56 -254 -525 
95
699 -808 821 -784 -612 -899 353 560 137 703 793 -1000 883 -854 -133 917 58 724 983 -387 612 271 -396 819 19 449 610 923 883 908 222 37 61 714 -8 770 -221 -238 -541 -427 130 -709 541 -156 -968 -891 -441 408 -597 144 -105 416 43 410 910 -768 -832 -467 436 -595 471 554 -814 -660 -802 702 699 127 -887 372 -12 462 466 -590 211 -927 400 678 -870 813 377 68 -714 980 -503 -172 680 328 -646 75 -700 87 81 855 6 
88
-705 -943 727 -87 408 -825 592 -664 86 -495 -713 770 -635 801 742 -327 403 394 -922 -447 9 -252 118 795 -469 167 854 850 -190 124 3 975 444 -899 -946 95 384 -243 -155 -364 -401 854 310 -655 -449 582 -405 -874 118 -53 109 522 -904 856 498 263 -651 -21 298 -784 -155 -421 547 -134 529 581 132 -717 -197 -196 -994 257 7 690 690 482 110 559 -848 -857 589 -257 612 -963 -272 -855 -12 -965 
33
755 357 -525 980 -406 940 -1000 -403 -966 880 -460 -123 -669 953 -163 -588 993 -283 741 -464 530 -673 998 35 -673 -398 -967 -501 309 46 -130 -287 223 
34
-485 -299 -324 -944 -111 955 28 -438 -68 -427 769 -100 19 444 -239 756 845 502 963 -785 524 -519 -912 16 65 -651 -96 -636 929 -323 993 316 -724 91 
85
107 -129 483 -96 -330 636 299 -886 -408 895 234 -767 167 345 525 225 -586 -305 -467 -874 542 -70 935 308 243 819 479 -642 -179 167 364 371 -960 -485 575 -289 -771 227 -422 289 -806 309 140 115 230 937 834 787 -966 -890 -230 980 157 555 -685 -900 271 503 596 226 -214 -490 909 141 -714 379 -60 511 -535 796 -797 343 -540 -583 647 -386 -136 -357 987 -343 749 -50 938 -521 592 
