10
54
249 837 123 -527 866 180 67 957 931 234 -567 778 971 -219 -73 997 -929 852 -404 249 759 280 376 -320 157 -939 703 471 845 -514 467 -575 -795 -107 -486 -146 293 825 157 182 -703 359 -931 128 652 479 620 365 276 195 -290 -280 133 614 
59
904 446 -493 492 -901 -77 90 -916 756 592 43 86 -479 748 230 546 921 525 39 -676 -866 -764 -841 33 181 -894 765 -27 -468 371 -801 324 638 29 -923 -577 648 -661 675 -398 -344 -944 489 -195 545 -379 625 -559 458 -992 -934 -72 -860 561 377 -651 561 623 -517 
7
-106 -536 28 -176 -632 -762 39 
79
-835 -154 165 880 711 305 -121 833 509 390 5 522 -667 -260 849 -811 319 177 532 432 537 -747 545 -666 427 -805 173 -762 -294 426 -562 -4 630 189 312 135 436 -834 -674 -279 678 285 219 -931 -232 672 -9 -800 58 -45 483 150 488 995 836 -4 544 -105 -946 140 -432 -935 -78 241 580 -978 -350 902 137 694 -48 797 -201 -379 -324 -239 571 -840 395 
36
-162 -752 505 -508 -474 -850 311 937 332 300 836 -493 875 1 873 -819 205 719 -150 255 145 900 -491 -440 886 964 562 937 -295 -345 -16 8 436 -283 -393 -965 
74
647 374 455 916 302 815 -715 160 -367 -717 -811 -240 688 595 -658 -24 253 727 896 4 -723 -445 270 -992 159 -900 -167 848 807 907 590 -366 691 441 156 860 544 -474 85 429 984 -990 130 42 962 635 634 -895 -897 884 115 -25 -313 -414 -7 -445 -647 544 301 519 548 730 172 -706 326 767 512 -760 -162 -536 -338 -691 115 239 
95
-781 231 -964 61 204 492 -911 -661 -152 602 462 -762 110 462 -830 779 -788 -347 -98 955 59 -880 195 826 498 -920 -618 -370 351 -746 -935 -750 -687 -376 -618 408 936 -24 661 -269 53 481 266 291 -19 -166 837 25 195 606 -587 -184 -450 901 321 -257 714 796 189 822 655 621 102 -527 93 318 56 132 -919 11 -646 801 655 967 -284 -70 272 307 -239 901 -181 184 -438 560 -534 495 583 -725 -526 -203 322 -102 -603 -48 -489 
48
-3 -330 377 -437 595 -495 -525 984 194 809 998 -246 -708 692 503 339 998 691 -901 -507 833 375 1 24 387 787 132 -985 94 -792 -548 -208 -807 -562 254 568 -243 -370 -811 -292 570 407 -10 795 -399 -799 -838 -868 
70
357 805 -205 736 690 898 -210 436 -387 89 415 122 537 715 703 267 -830 202 -39 79 -539 147 204 706 -983 222 -786 213 -168 994 -751 -406 227 -707 -344 373 -294 162 -9 820 -386 639 -498 83 713 -322 120 -602 314 286 972 584 635 965 -30 359 670 806 -305 -968 632 -102 -263 932 286 -176 240 684 130 -734 
46
732 -964 -631 -124 -891 34 -2 -879 -527 973 606 -56 162 697 -313 681 54 -627 750 434 53 -420 -641 753 138 627 805 -254 -974 639 -237 996 724 -730 -528 -505 51 -105 -614 -83 476 -864 73 86 -562 -881 